3
Layer 1
10
8 8
28.834 21.589 36.824 22.316 29.635 39.091 25.432 37.928 
26.85 36.218 39.043 36.59 23.453 38.954 28.528 39.748 
23.454 34.732 32.462 30.439 22.643 27.28 20.893 38.138 
29.737 25.021 23.966 36.925 26.29 24.543 21.859 23.105 
32.845 26.002 27.455 26.755 33.797 34.126 37.367 31.806 
39.52 38.961 22.706 39.001 33.403 36.185 23.101 20.7 
33.856 22.687 28.924 31.339 34.647 29.871 35.562 28.0 
36.053 37.124 35.495 38.273 35.232 25.165 25.11 39.017 
8 8
39.132 35.686 34.213 30.536 20.044 29.241 27.633 31.658 
26.498 32.89 22.505 32.279 20.524 23.91 38.736 37.179 
21.473 26.565 36.979 21.811 20.516 28.315 32.152 31.81 
25.213 28.649 32.75 36.82 32.256 24.864 36.786 33.98 
35.116 20.259 30.845 39.672 37.663 37.267 31.413 30.257 
39.036 38.744 33.459 26.673 20.721 37.144 31.641 21.015 
34.498 30.934 33.305 33.23 38.849 20.72 31.23 22.372 
39.703 22.203 31.29 27.565 32.707 37.236 26.289 21.685 
8 8
30.277 34.88 33.827 25.667 32.708 28.14 21.392 21.467 
24.136 30.204 36.055 22.728 35.949 39.04 25.008 29.384 
39.527 34.982 32.424 26.558 24.129 27.077 22.275 24.713 
34.327 23.85 35.788 36.401 24.525 28.117 23.509 37.547 
25.281 35.213 23.208 21.177 21.287 30.823 35.895 30.51 
34.931 31.451 36.494 37.11 27.999 29.279 23.165 20.384 
37.371 27.731 39.345 32.465 30.96 37.026 30.958 28.87 
20.374 34.668 37.827 28.791 22.566 34.345 22.34 32.025 
8 8
30.883 28.659 22.484 35.267 20.127 31.579 26.139 23.832 
27.432 31.78 35.026 24.61 31.721 39.098 28.954 21.53 
21.506 25.915 23.955 26.029 27.946 36.041 39.755 25.915 
27.153 25.718 24.75 38.008 31.035 22.951 33.143 38.675 
35.864 31.49 29.303 37.126 27.884 20.191 39.987 38.713 
22.045 29.646 27.308 28.026 24.325 36.179 36.006 21.187 
21.655 26.001 24.55 25.856 34.824 34.932 21.961 21.019 
20.85 29.547 20.207 26.919 27.418 32.998 37.289 28.508 
8 8
23.186 20.393 23.919 38.207 27.136 22.808 26.319 29.684 
31.758 37.551 21.273 37.239 26.06 33.967 35.578 38.569 
28.862 21.991 24.154 36.287 22.121 23.306 29.339 21.441 
26.961 32.016 28.39 37.519 21.429 24.205 36.678 23.872 
35.377 39.896 32.671 39.108 24.14 25.15 34.631 30.151 
20.756 30.258 28.469 22.631 31.409 29.404 22.255 27.316 
30.575 22.635 24.135 35.692 27.513 33.134 35.022 26.249 
20.149 21.229 20.416 20.123 22.437 23.86 35.255 35.285 
8 8
30.11 26.422 20.763 38.355 35.513 23.344 30.176 30.207 
27.284 30.167 20.984 29.075 30.225 25.555 28.392 35.143 
36.874 32.357 37.139 32.763 37.214 22.479 35.769 29.799 
31.747 32.661 31.71 31.123 37.42 30.716 23.76 30.794 
36.074 39.518 22.697 23.825 34.419 22.803 29.862 24.185 
25.808 22.024 26.905 30.232 28.294 39.337 31.498 38.358 
31.126 24.201 35.453 34.04 22.572 32.603 30.416 24.237 
23.95 25.972 30.416 28.721 34.849 30.55 30.8 28.178 
8 8
27.083 38.976 31.465 30.889 22.773 28.495 25.969 31.628 
36.014 22.379 27.214 29.467 22.858 20.256 25.888 29.116 
22.233 27.907 26.99 33.53 29.49 39.066 32.514 27.293 
26.579 20.343 37.197 21.305 39.059 29.307 37.686 27.943 
36.628 25.659 26.268 21.437 28.011 23.885 22.496 33.528 
24.756 34.786 30.422 27.984 39.926 35.622 23.695 38.306 
34.037 23.684 35.05 29.184 30.771 39.289 33.527 25.876 
25.614 35.132 27.941 32.204 35.69 23.253 22.749 30.804 
8 8
20.677 21.5 34.034 31.225 33.525 35.88 37.819 27.484 
20.383 31.802 37.893 36.651 29.985 36.932 33.611 30.11 
39.498 36.862 31.784 34.734 20.822 20.053 32.377 28.363 
30.684 34.326 20.694 22.786 23.386 35.057 25.113 20.114 
39.62 20.284 35.705 24.596 27.224 22.505 20.561 32.188 
26.335 22.662 31.332 24.544 24.19 32.564 23.651 25.383 
23.558 24.487 20.593 21.005 28.804 30.06 28.417 32.541 
23.766 25.192 20.385 37.123 25.004 38.469 37.884 22.19 
8 8
38.721 25.727 35.415 39.513 27.109 28.087 27.797 27.366 
37.465 34.191 25.747 30.179 35.42 37.368 33.358 26.182 
26.648 22.01 31.266 28.622 26.98 35.925 23.854 24.092 
31.407 20.105 31.728 38.764 38.973 23.863 31.955 26.678 
33.055 20.282 36.035 34.256 34.93 28.096 36.364 21.038 
25.724 21.083 24.732 23.492 20.881 37.227 36.159 32.935 
22.363 23.402 25.676 20.819 28.893 30.253 27.776 22.217 
20.548 37.305 32.753 31.043 37.585 27.187 34.801 30.59 
8 8
33.556 36.264 25.579 30.648 28.464 20.177 38.51 22.321 
20.516 23.793 38.776 32.259 34.685 30.737 34.453 28.256 
29.209 24.65 37.869 38.625 30.959 35.015 33.588 27.782 
25.567 36.747 37.429 27.858 38.844 30.818 28.684 26.33 
39.968 34.811 37.264 30.347 24.538 37.564 35.309 36.411 
20.867 22.086 20.527 30.884 30.235 35.79 30.738 39.889 
20.346 38.967 21.287 37.003 21.338 39.647 32.55 22.568 
21.025 20.502 31.13 30.663 39.246 39.345 24.423 36.759 
Layer 2
10
8 8
23.437 37.174 22.497 25.421 28.157 32.491 31.646 28.954 
24.097 33.882 33.154 25.969 26.536 24.792 36.8 21.563 
28.685 37.367 22.001 28.804 35.224 26.96 23.9 26.667 
30.396 23.15 24.72 20.619 37.821 35.507 35.287 25.33 
35.78 31.566 33.144 33.871 36.779 23.13 38.354 22.016 
30.714 26.763 28.394 29.686 30.556 27.339 39.573 37.643 
29.529 28.053 33.456 31.272 24.704 31.485 39.093 23.825 
22.536 37.881 38.303 30.348 34.981 38.276 32.844 20.481 
8 8
35.969 37.76 37.635 39.591 29.592 39.198 37.324 22.912 
31.632 31.842 38.645 37.729 28.725 22.304 33.936 34.831 
28.325 27.498 28.158 37.108 37.86 32.547 25.56 31.049 
25.278 27.171 32.409 27.898 22.575 38.659 21.414 27.364 
35.269 37.324 21.97 27.924 24.948 20.291 21.854 28.57 
20.973 28.309 28.432 24.945 31.723 36.169 24.85 34.784 
29.832 25.083 39.108 21.253 36.795 28.786 22.678 37.634 
21.148 37.506 34.935 30.461 31.718 22.203 30.62 38.181 
8 8
20.896 35.736 31.442 29.073 36.61 25.155 22.069 23.816 
20.677 24.187 32.614 31.457 31.736 24.799 28.103 35.544 
22.926 35.016 38.351 26.878 38.004 39.542 33.221 37.511 
30.161 25.79 26.442 22.655 33.59 28.583 24.45 34.217 
24.782 22.159 22.982 29.535 26.396 38.966 32.206 25.567 
29.512 38.822 38.564 27.321 31.019 26.103 31.853 30.659 
30.746 28.892 23.566 26.949 36.145 21.213 22.96 39.426 
28.104 32.563 33.55 20.586 34.956 37.471 33.194 39.707 
8 8
34.858 25.808 27.078 28.721 38.996 22.444 27.435 20.479 
37.246 32.58 31.158 35.381 27.346 24.298 27.614 37.127 
22.077 24.787 22.368 25.046 27.38 26.703 39.596 38.748 
33.498 38.55 24.098 23.635 21.603 31.952 37.503 39.294 
21.872 22.402 20.65 39.882 37.181 33.763 20.965 26.175 
34.575 25.3 38.645 28.546 35.424 35.067 31.073 38.245 
30.413 33.112 28.644 24.887 22.833 28.771 25.248 34.744 
36.039 26.643 32.149 30.746 38.094 27.201 33.052 20.985 
8 8
24.942 30.762 28.282 24.172 36.783 33.247 37.981 37.734 
24.814 36.715 29.63 22.993 23.492 26.582 24.465 27.298 
30.959 34.008 39.348 30.112 35.464 34.098 32.438 29.074 
38.917 39.136 27.501 28.126 35.056 34.838 36.706 20.328 
38.645 22.594 31.544 26.537 28.679 29.748 33.519 36.974 
34.01 26.171 29.231 29.201 28.925 21.344 38.98 20.482 
33.106 34.469 28.681 30.105 36.336 23.052 29.694 29.564 
34.679 34.614 20.686 22.431 20.329 37.964 37.955 27.614 
8 8
39.062 35.468 20.608 23.036 22.889 23.801 29.632 35.264 
39.618 31.106 20.179 25.539 25.011 21.295 22.132 33.828 
37.191 32.268 27.1 34.111 29.349 34.24 38.615 29.701 
36.964 28.896 39.934 20.645 26.438 21.924 22.348 28.602 
28.148 27.25 33.744 22.957 27.203 23.31 22.189 37.263 
26.315 36.691 21.782 26.817 20.299 27.652 20.418 26.522 
24.675 39.293 29.079 21.291 34.174 27.236 27.052 36.391 
24.572 39.231 36.549 25.069 30.838 30.743 25.004 31.302 
8 8
37.613 26.92 22.236 39.934 31.034 32.347 29.444 30.632 
39.889 26.113 26.092 37.659 22.839 35.688 22.472 33.903 
26.362 22.948 30.198 38.583 24.017 39.854 22.997 39.985 
39.291 21.631 27.349 30.003 32.413 35.379 22.525 31.406 
23.78 22.808 36.562 38.041 23.451 25.448 20.625 22.529 
34.991 33.687 26.495 33.148 33.184 26.175 23.599 34.228 
27.3 21.053 31.298 36.434 34.835 32.695 26.344 21.837 
29.43 39.418 36.238 27.727 32.085 32.787 35.429 20.638 
8 8
30.652 30.421 29.633 21.136 35.743 26.942 23.608 32.634 
25.556 30.453 21.72 32.752 38.164 27.485 37.414 24.514 
33.674 25.77 27.262 24.976 27.04 34.991 28.065 38.27 
30.312 38.67 34.158 37.28 35.976 33.178 26.195 28.171 
29.442 20.096 23.572 23.988 32.973 29.909 21.822 33.172 
21.504 21.642 38.179 34.401 28.608 36.208 38.11 33.854 
28.482 24.698 20.548 30.38 22.395 22.987 30.572 39.284 
34.488 39.064 37.117 34.491 25.292 21.775 36.029 27.393 
8 8
32.396 21.728 38.857 33.174 27.358 37.661 26.824 37.216 
32.896 22.347 34.888 33.639 26.213 38.62 27.95 31.824 
25.624 37.731 23.044 30.959 37.525 28.064 34.525 28.146 
22.691 31.704 28.505 25.087 39.297 20.802 35.808 26.871 
27.497 36.286 36.47 35.327 23.283 39.932 22.909 21.688 
24.46 33.001 36.508 20.251 39.265 22.012 21.693 29.059 
38.804 30.892 34.958 21.651 33.901 37.243 31.45 21.941 
37.366 21.367 35.513 39.956 27.223 22.921 21.369 39.906 
8 8
38.059 37.359 20.047 22.958 20.136 36.938 24.349 32.687 
32.012 23.904 31.48 31.791 39.154 31.334 35.228 21.303 
20.393 23.332 33.914 26.192 23.761 21.163 32.679 27.216 
30.903 35.39 23.145 34.799 24.083 39.344 25.399 24.251 
28.793 25.179 39.115 33.003 28.055 23.693 29.47 22.391 
22.407 31.873 33.221 34.473 29.895 33.796 37.311 36.281 
33.268 24.825 31.214 37.274 30.066 28.994 20.824 24.365 
27.989 32.903 33.259 24.044 23.065 27.243 32.466 35.293 
Layer 3
10
8 8
25.957 21.766 37.705 36.024 21.443 35.977 28.436 38.225 
34.579 28.945 36.093 27.214 21.644 27.521 35.007 22.376 
37.644 30.493 22.922 32.145 24.031 25.625 30.821 31.277 
39.396 28.513 33.874 26.189 35.881 24.795 27.554 37.178 
29.592 33.561 23.943 36.765 23.029 21.286 29.123 24.648 
23.243 22.076 33.854 36.091 28.123 24.464 38.188 28.003 
27.0 35.558 23.267 31.563 30.327 27.037 31.255 33.346 
33.915 36.721 25.744 31.37 29.024 23.996 26.443 33.772 
8 8
36.279 39.501 39.055 27.779 26.31 20.7 36.073 31.058 
25.548 22.907 31.784 20.153 35.551 39.17 21.526 23.906 
22.786 28.906 24.653 31.708 32.103 23.976 29.696 23.091 
20.247 39.358 30.558 38.299 29.359 38.227 35.883 27.283 
35.496 27.021 23.675 36.667 28.599 34.02 36.866 39.052 
36.198 22.467 25.001 24.75 27.917 38.456 36.233 31.716 
22.203 32.058 32.952 23.007 38.44 29.019 30.933 39.973 
29.004 25.139 27.316 23.614 37.941 26.069 30.016 23.95 
8 8
39.256 24.457 39.374 26.687 27.735 27.44 37.322 23.421 
29.945 20.668 39.775 25.281 35.153 21.206 21.594 29.809 
31.265 26.764 26.407 24.109 21.301 22.478 30.936 38.327 
31.257 27.146 32.65 32.664 37.872 24.287 36.309 30.248 
24.234 22.103 33.952 25.219 29.184 26.515 31.465 20.353 
29.217 31.232 25.214 28.434 37.994 31.197 20.291 31.878 
36.134 32.225 20.851 30.734 26.754 26.568 24.275 21.389 
22.076 31.644 32.058 29.069 39.114 28.716 32.328 32.324 
8 8
24.259 23.015 37.728 36.031 31.477 25.552 24.142 33.367 
23.067 20.948 31.386 36.114 36.943 26.898 36.167 20.754 
29.672 29.317 23.283 24.771 29.319 37.661 34.665 20.953 
29.792 32.233 24.724 25.845 39.449 37.922 29.111 28.586 
32.182 24.274 33.685 33.248 20.276 36.226 22.733 20.249 
29.758 28.238 23.393 21.792 24.213 24.444 28.9 36.616 
21.818 21.332 23.533 37.454 32.969 38.144 31.746 33.069 
29.945 23.08 28.949 25.488 29.978 20.422 32.961 27.729 
8 8
23.998 33.849 32.567 24.513 24.965 21.996 29.882 38.175 
32.05 31.599 23.165 27.948 35.337 31.539 35.528 22.497 
21.709 31.755 30.746 35.919 28.549 24.071 30.43 36.836 
21.303 38.909 36.471 30.827 20.893 26.45 33.107 21.393 
21.708 37.007 36.699 23.552 22.299 27.948 38.04 22.23 
36.104 36.93 37.353 39.664 36.021 36.352 26.572 38.357 
23.753 34.422 31.257 20.282 21.273 30.073 24.942 28.67 
24.403 28.018 31.578 24.706 23.212 38.339 33.578 26.261 
8 8
30.377 23.111 34.717 30.199 20.772 29.403 32.523 26.969 
30.001 28.852 25.636 27.467 33.678 31.289 24.181 34.941 
33.086 30.531 20.227 26.004 24.677 30.82 29.915 35.977 
31.561 27.459 37.26 34.516 31.743 28.215 27.743 27.249 
34.404 33.735 31.529 33.522 26.355 38.265 33.742 32.821 
26.676 38.086 29.028 37.595 23.48 26.033 39.205 37.776 
36.493 38.793 32.452 35.931 27.453 28.575 30.185 30.772 
29.742 24.665 32.587 24.511 22.953 28.299 35.537 33.599 
8 8
35.383 32.651 33.743 23.239 33.979 35.858 32.635 30.184 
23.423 30.631 39.966 33.759 27.655 29.905 34.468 31.043 
24.136 25.008 22.501 30.17 20.468 23.796 39.928 22.293 
27.232 27.07 37.12 32.906 24.269 22.395 29.653 33.027 
23.988 21.234 29.29 29.983 28.151 20.759 28.978 21.871 
24.898 22.631 24.921 24.938 38.087 39.351 22.072 34.155 
31.221 24.254 20.931 36.412 38.141 36.711 30.99 21.021 
37.867 28.484 22.485 30.881 32.039 23.612 21.166 33.787 
8 8
31.739 23.604 25.944 28.842 35.235 33.573 37.288 26.969 
38.215 22.27 28.843 35.505 26.114 24.029 38.238 22.895 
29.417 31.772 24.053 30.262 23.421 36.848 30.975 26.606 
31.143 34.055 32.614 35.119 27.901 25.477 27.818 34.013 
23.34 24.132 34.749 28.967 38.196 28.836 26.227 24.803 
39.567 29.26 39.249 26.951 28.083 33.035 38.557 23.147 
30.583 31.628 22.782 29.453 21.911 20.771 20.853 31.867 
37.394 32.743 24.699 26.505 22.802 22.755 39.45 28.162 
8 8
22.383 26.353 22.878 24.96 21.492 36.039 36.744 32.402 
23.242 28.808 27.719 26.4 23.202 33.244 31.169 25.226 
36.189 37.591 35.587 39.052 28.352 27.4 24.799 26.423 
37.114 29.728 30.236 35.379 33.18 28.529 21.305 34.335 
25.469 21.013 32.834 33.346 29.873 38.062 39.433 33.121 
31.219 29.213 37.238 32.63 34.101 23.212 30.844 31.489 
29.644 30.166 35.272 34.742 34.47 35.35 33.159 35.483 
33.555 24.048 22.516 27.685 33.465 35.524 39.745 30.135 
8 8
34.358 35.373 26.356 36.162 24.327 38.612 23.697 35.016 
33.315 28.492 38.945 27.503 31.898 36.095 23.728 24.751 
28.956 33.717 37.936 32.568 27.344 30.662 36.376 30.625 
39.75 20.268 37.66 23.467 38.507 38.408 37.504 39.226 
22.103 30.274 20.141 21.751 21.844 29.867 38.125 37.957 
39.866 29.869 32.65 30.91 20.547 21.644 24.145 37.811 
33.673 25.418 20.651 30.112 36.599 38.409 23.914 34.136 
24.489 34.831 21.816 21.586 25.985 29.599 21.532 29.551 
